 surface  401.3                                                                                                                        
      energy   
    0.0000E+00   0.00000E+00 0.0000
    1.0000E-03   0.00000E+00 0.0000
    1.0690E-03   0.00000E+00 0.0000
    1.1380E-03   0.00000E+00 0.0000
    1.2070E-03   0.00000E+00 0.0000
    1.2760E-03   0.00000E+00 0.0000
    1.3450E-03   0.00000E+00 0.0000
    1.4140E-03   8.63384E-11 1.0000
    1.4830E-03   8.69040E-11 1.0000
    1.5520E-03   1.23760E-10 0.7599
    1.6210E-03   1.12346E-10 0.7357
    1.6900E-03   4.18570E-11 0.7074
    1.7590E-03   1.01719E-10 0.8251
    1.8280E-03   1.55883E-10 0.7071
    1.8970E-03   7.78083E-11 1.0000
    1.9660E-03   0.00000E+00 0.0000
    2.0350E-03   0.00000E+00 0.0000
    2.1040E-03   0.00000E+00 0.0000
    2.1730E-03   0.00000E+00 0.0000
    2.2420E-03   0.00000E+00 0.0000
    2.3110E-03   5.40719E-11 1.0000
    2.3800E-03   6.80223E-11 1.0000
    2.4490E-03   0.00000E+00 0.0000
    2.5180E-03   0.00000E+00 0.0000
    2.5870E-03   0.00000E+00 0.0000
    2.6560E-03   1.30178E-10 0.7071
    2.7250E-03   9.14044E-11 0.7681
    2.7940E-03   0.00000E+00 0.0000
    2.8630E-03   6.02409E-11 1.0000
    2.9320E-03   6.01534E-11 1.0000
    3.0010E-03   0.00000E+00 0.0000
    3.0700E-03   0.00000E+00 0.0000
    3.1390E-03   0.00000E+00 0.0000
    3.2080E-03   0.00000E+00 0.0000
    3.2770E-03   0.00000E+00 0.0000
    3.3460E-03   0.00000E+00 0.0000
    3.4150E-03   4.30304E-11 1.0000
    3.4840E-03   0.00000E+00 0.0000
    3.5530E-03   5.24902E-11 1.0000
    3.6220E-03   5.22565E-11 1.0000
    3.6910E-03   4.76574E-11 1.0000
    3.7600E-03   0.00000E+00 0.0000
    3.8290E-03   5.19372E-11 1.0000
    3.8980E-03   4.90306E-11 1.0000
    3.9670E-03   3.93635E-11 1.0000
    4.0360E-03   3.81589E-11 1.0000
    4.1050E-03   0.00000E+00 0.0000
    4.1740E-03   0.00000E+00 0.0000
    4.2430E-03   4.64289E-11 1.0000
    4.3120E-03   4.62623E-11 1.0000
    4.3810E-03   9.25976E-11 0.7071
    4.4500E-03   8.41485E-11 0.7105
    4.5190E-03   4.39693E-11 1.0000
    4.5880E-03   4.62346E-11 1.0000
    4.6570E-03   0.00000E+00 0.0000
    4.7260E-03   6.58738E-11 0.7527
    4.7950E-03   4.54547E-11 1.0000
    4.8640E-03   1.22996E-10 0.5785
    4.9330E-03   0.00000E+00 0.0000
    5.0020E-03   1.54037E-10 0.5021
    5.0710E-03   7.12468E-11 0.7100
    5.1400E-03   7.33730E-11 0.7198
    5.2090E-03   0.00000E+00 0.0000
    5.2780E-03   8.53873E-11 0.7073
    5.3470E-03   3.97608E-11 1.0000
    5.4160E-03   1.04887E-10 0.5919
    5.4850E-03   2.23893E-10 0.4172
    5.5540E-03   1.62610E-10 0.5003
    5.6230E-03   7.88645E-11 0.7080
    5.6920E-03   4.14181E-11 1.0000
    5.7610E-03   1.62263E-10 0.5003
    5.8300E-03   7.72860E-11 0.7089
    5.8990E-03   0.00000E+00 0.0000
    5.9680E-03   1.22553E-10 0.5775
    6.0370E-03   1.60021E-10 0.5009
    6.1060E-03   7.56241E-11 0.7094
    6.1750E-03   3.46565E-11 1.0000
    6.2440E-03   0.00000E+00 0.0000
    6.3130E-03   3.89797E-11 1.0000
    6.3820E-03   7.87544E-11 0.7071
    6.4510E-03   6.58377E-11 0.7207
    6.5200E-03   5.87220E-11 0.7468
    6.5890E-03   1.42385E-10 0.5048
    6.6580E-03   8.42114E-11 0.5945
    6.7270E-03   7.57382E-11 0.7071
    6.7960E-03   8.27232E-11 0.6015
    6.8650E-03   0.00000E+00 0.0000
    6.9340E-03   7.10821E-11 0.7073
    7.0030E-03   1.78784E-10 0.4498
    7.0720E-03   7.44536E-11 0.7072
    7.1410E-03   1.01569E-10 0.5780
    7.2100E-03   2.10980E-10 0.4093
    7.2790E-03   1.85461E-10 0.4473
    7.3480E-03   3.77034E-11 1.0000
    7.4170E-03   2.76714E-10 0.3573
    7.4860E-03   9.42553E-11 0.5985
    7.5550E-03   1.59414E-10 0.4596
    7.6240E-03   0.00000E+00 0.0000
    7.6930E-03   9.21345E-11 0.5917
    7.7620E-03   5.92624E-11 0.7242
    7.8310E-03   1.51729E-10 0.4559
    7.9000E-03   1.69054E-10 0.4546
    7.9690E-03   6.91660E-11 0.7078
    8.0380E-03   1.33627E-10 0.5044
    8.1070E-03   6.69094E-11 0.7072
    8.1760E-03   9.27135E-11 0.5980
    8.2450E-03   3.39855E-11 1.0000
    8.3140E-03   1.44508E-10 0.5011
    8.3830E-03   1.24687E-10 0.5095
    8.4520E-03   0.00000E+00 0.0000
    8.5210E-03   8.59866E-11 0.5938
    8.5900E-03   3.68997E-11 1.0000
    8.6590E-03   1.08477E-10 0.5781
    8.7280E-03   3.60522E-11 1.0000
    8.7970E-03   1.02693E-10 0.5788
    8.8660E-03   9.75188E-10 0.1635
    8.9350E-03   1.46666E-10 0.4575
    9.0040E-03   1.02160E-10 0.5778
    9.0730E-03   1.05167E-10 0.5774
    9.1420E-03   1.60599E-10 0.4494
    9.2110E-03   1.53364E-10 0.4560
    9.2800E-03   1.16910E-10 0.5108
    9.3490E-03   0.00000E+00 0.0000
    9.4180E-03   9.95813E-11 0.5808
    9.4870E-03   2.21420E-10 0.3818
    9.5560E-03   1.31610E-10 0.5033
    9.6250E-03   9.22470E-11 0.5932
    9.6940E-03   2.32473E-10 0.3788
    9.7630E-03   6.52059E-11 0.7083
    9.8320E-03   1.03128E-10 0.5784
    9.9010E-03   2.01844E-10 0.4093
    9.9700E-03   1.04993E-10 0.5130
    1.0039E-02   9.33176E-11 0.5809
    1.0108E-02   2.40547E-10 0.3782
    1.0177E-02   1.79667E-10 0.3857
    1.0246E-02   5.87735E-11 0.7226
    1.0315E-02   1.19146E-10 0.5106
    1.0384E-02   0.00000E+00 0.0000
    1.0453E-02   0.00000E+00 0.0000
    1.0522E-02   3.20931E-11 1.0000
    1.0591E-02   3.32923E-11 1.0000
    1.0660E-02   3.20969E-11 1.0000
    1.0729E-02   9.49893E-11 0.5814
    1.0798E-02   1.60763E-10 0.4478
    1.0867E-02   6.47063E-11 0.7084
    1.0936E-02   3.44120E-11 1.0000
    1.1005E-02   6.06670E-11 0.7135
    1.1074E-02   1.26873E-10 0.5023
    1.1143E-02   2.62360E-11 1.0000
    1.1212E-02   3.43058E-11 1.0000
    1.1281E-02   1.28910E-10 0.5010
    1.1350E-02   1.34692E-10 0.4579
    1.1419E-02   1.26960E-10 0.5006
    1.1488E-02   6.72804E-11 0.7072
    1.1557E-02   9.18019E-11 0.5816
    1.1626E-02   8.92540E-11 0.5823
    1.1695E-02   3.20261E-11 1.0000
    1.1764E-02   3.10184E-11 1.0000
    1.1833E-02   3.19143E-11 1.0000
    1.1902E-02   1.91187E-11 1.0000
    1.1971E-02   3.00434E-11 1.0000
    1.2040E-02   5.23950E-11 0.7311
    1.2109E-02   0.00000E+00 0.0000
    1.2178E-02   1.25912E-10 0.5003
    1.2247E-02   6.37412E-11 0.7071
    1.2316E-02   9.75795E-11 0.5774
    1.2385E-02   8.90065E-11 0.5847
    1.2454E-02   6.57581E-11 0.7071
    1.2523E-02   9.76624E-11 0.5774
    1.2592E-02   0.00000E+00 0.0000
    1.2661E-02   8.10644E-11 0.5816
    1.2730E-02   1.73117E-11 1.0000
    1.2799E-02   0.00000E+00 0.0000
    1.2868E-02   3.07306E-11 1.0000
    1.2937E-02   1.38478E-10 0.4581
    1.3006E-02   5.36149E-11 0.7191
    1.3075E-02   7.91911E-11 0.5856
    1.3144E-02   2.74163E-11 1.0000
    1.3213E-02   1.35507E-10 0.6575
    1.3282E-02   3.17453E-11 1.0000
    1.3351E-02   1.22151E-10 0.5003
    1.3420E-02   6.14398E-11 0.7074
    1.3489E-02   2.08759E-11 1.0000
    1.3558E-02   8.24204E-11 0.5946
    1.3627E-02   0.00000E+00 0.0000
    1.3696E-02   0.00000E+00 0.0000
    1.3765E-02   6.05890E-11 0.7078
    1.3834E-02   3.27403E-11 1.0000
    1.3903E-02   5.49865E-11 0.7152
    1.3972E-02   6.22879E-11 0.7072
    1.4041E-02   6.28761E-11 0.7071
    1.4110E-02   1.71550E-10 0.5580
    1.4179E-02   5.25115E-11 0.7221
    1.4248E-02   8.97069E-11 0.5792
    1.4317E-02   9.28158E-11 0.5776
    1.4386E-02   1.16454E-10 0.5040
    1.4455E-02   9.28248E-11 0.5776
    1.4524E-02   7.95952E-11 0.5826
    1.4593E-02   6.32095E-11 0.7071
    1.4662E-02   9.26637E-11 0.5774
    1.4731E-02   2.67556E-10 0.4022
    1.4800E-02   5.13557E-11 0.7201
    1.4869E-02   1.77117E-10 0.4100
    1.4938E-02   1.99615E-10 0.3803
    1.5007E-02   7.41643E-11 0.5861
    1.5076E-02   1.22532E-10 0.5001
    1.5145E-02   8.92321E-11 0.5785
    1.5214E-02   1.08208E-10 0.5083
    1.5283E-02   6.18801E-11 0.7072
    1.5352E-02   7.45402E-11 0.5880
    1.5421E-02   1.17552E-10 0.5006
    1.5490E-02   8.86250E-11 0.5779
    1.5559E-02   2.13975E-10 0.3580
    1.5628E-02   1.38987E-10 0.4488
    1.5697E-02   1.41198E-10 0.4521
    1.5766E-02   1.46658E-10 0.4160
    1.5835E-02   2.30230E-10 0.3540
    1.5904E-02   2.29223E-10 0.4404
    1.5973E-02   7.54902E-11 0.5859
    1.6042E-02   3.04361E-10 0.2917
    1.6111E-02   3.93723E-10 0.2684
    1.6180E-02   3.00011E-10 0.2940
    1.6249E-02   2.73701E-10 0.3184
    1.6318E-02   2.96453E-10 0.3033
    1.6387E-02   2.36808E-10 0.3359
    1.6456E-02   2.09053E-10 0.3576
    1.6525E-02   1.28729E-10 0.4545
    1.6594E-02   3.37103E-10 0.2911
    1.6663E-02   2.91366E-10 0.3676
    1.6732E-02   3.09385E-10 0.3020
    1.6801E-02   2.62550E-10 0.3197
    1.6870E-02   2.88959E-10 0.3040
    1.6939E-02   4.16357E-10 0.3381
    1.7008E-02   2.86946E-10 0.3169
    1.7077E-02   4.29960E-10 0.3248
    1.7146E-02   3.71453E-10 0.2620
    1.7215E-02   2.95346E-10 0.3750
    1.7284E-02   4.83223E-10 0.2372
    1.7353E-02   5.21371E-10 0.3119
    1.7422E-02   5.29533E-10 0.2568
    1.7491E-02   5.86318E-10 0.2109
    1.7560E-02   5.89346E-10 0.2614
    1.7629E-02   4.76955E-10 0.3016
    1.7698E-02   5.57820E-10 0.2448
    1.7767E-02   5.32004E-10 0.2168
    1.7836E-02   3.22816E-10 0.2802
    1.7905E-02   6.02921E-10 0.2363
    1.7974E-02   6.59410E-10 0.2011
    1.8043E-02   6.58662E-10 0.2210
    1.8112E-02   5.12732E-10 0.2214
    1.8181E-02   6.75124E-10 0.2141
    1.8250E-02   4.44991E-10 0.2790
    1.8319E-02   1.09307E-09 0.1945
    1.8388E-02   7.68679E-10 0.2372
    1.8457E-02   8.06184E-10 0.2137
    1.8526E-02   9.31645E-10 0.1802
    1.8595E-02   9.31062E-10 0.1661
    1.8664E-02   6.72721E-10 0.2171
    1.8733E-02   7.91155E-10 0.1963
    1.8802E-02   9.63815E-10 0.1767
    1.8871E-02   7.95818E-10 0.1980
    1.8940E-02   9.18723E-10 0.1660
    1.9009E-02   1.06239E-09 0.1780
    1.9078E-02   8.54272E-10 0.2035
    1.9147E-02   7.73217E-10 0.1787
    1.9216E-02   8.47538E-10 0.1875
    1.9285E-02   7.34132E-10 0.1870
    1.9354E-02   9.89971E-10 0.1960
    1.9423E-02   1.17011E-09 0.1471
    1.9492E-02   8.50101E-10 0.2059
    1.9561E-02   1.37926E-09 0.1359
    1.9630E-02   8.75355E-10 0.1682
    1.9699E-02   1.22116E-09 0.1526
    1.9768E-02   1.38950E-09 0.1590
    1.9837E-02   1.07218E-09 0.1624
    1.9906E-02   1.33639E-09 0.1547
    1.9975E-02   1.65993E-09 0.1358
    2.0044E-02   1.42265E-09 0.1455
    2.0113E-02   1.30969E-09 0.1639
    2.0182E-02   1.08442E-09 0.1505
    2.0251E-02   1.55638E-09 0.1528
    2.0320E-02   1.23617E-09 0.1596
    2.0389E-02   1.48314E-09 0.1498
    2.0458E-02   1.27073E-09 0.1585
    2.0527E-02   1.54800E-09 0.1642
    2.0596E-02   1.85310E-09 0.1352
    2.0665E-02   1.35852E-09 0.1432
    2.0734E-02   1.61402E-09 0.1423
    2.0803E-02   1.39819E-09 0.1400
    2.0872E-02   1.27589E-09 0.1653
    2.0941E-02   1.56548E-09 0.1336
    2.1010E-02   1.73291E-09 0.1301
    2.1079E-02   1.84389E-09 0.1265
    2.1148E-02   1.52560E-09 0.1398
    2.1217E-02   1.68646E-09 0.1318
    2.1286E-02   1.77573E-09 0.1276
    2.1355E-02   2.37918E-09 0.1119
    2.1424E-02   1.88133E-09 0.1135
    2.1493E-02   1.72135E-09 0.1363
    2.1562E-02   1.87855E-09 0.1230
    2.1631E-02   2.02859E-09 0.1189
    2.1700E-02   2.35899E-09 0.1225
    2.1769E-02   2.04131E-09 0.1265
    2.1838E-02   1.71201E-09 0.1310
    2.1907E-02   1.89427E-09 0.1240
    2.1976E-02   1.96161E-09 0.1155
    2.2045E-02   2.40517E-09 0.1175
    2.2114E-02   2.08525E-09 0.1167
    2.2183E-02   2.44140E-09 0.1123
    2.2252E-02   2.08394E-09 0.1154
    2.2321E-02   2.07775E-09 0.1243
    2.2390E-02   1.58370E-09 0.1282
    2.2459E-02   1.95588E-09 0.1192
    2.2528E-02   2.83126E-09 0.1135
    2.2597E-02   2.54865E-09 0.1129
    2.2666E-02   2.19749E-09 0.1169
    2.2735E-02   2.54258E-09 0.1130
    2.2804E-02   2.57624E-09 0.1114
    2.2873E-02   2.81307E-09 0.0969
    2.2942E-02   1.96324E-09 0.1195
    2.3011E-02   2.50177E-09 0.1168
    2.3080E-02   2.30820E-09 0.1112
    2.3149E-02   2.18941E-09 0.1121
    2.3218E-02   2.48874E-09 0.1071
    2.3287E-02   2.75828E-09 0.1007
    2.3356E-02   2.70368E-09 0.1110
    2.3425E-02   2.67705E-09 0.1059
    2.3494E-02   2.65596E-09 0.1063
    2.3563E-02   2.45475E-09 0.1081
    2.3632E-02   2.96809E-09 0.0968
    2.3701E-02   3.13048E-09 0.0936
    2.3770E-02   2.75512E-09 0.0978
    2.3839E-02   2.68577E-09 0.0992
    2.3908E-02   2.84906E-09 0.1094
    2.3977E-02   3.00120E-09 0.1008
    2.4046E-02   3.61845E-09 0.0975
    2.4115E-02   2.99233E-09 0.0958
    2.4184E-02   3.19219E-09 0.1056
    2.4253E-02   2.79703E-09 0.1078
    2.4322E-02   2.64531E-09 0.1054
    2.4391E-02   2.47785E-09 0.0992
    2.4460E-02   2.93681E-09 0.0937
    2.4529E-02   3.35984E-09 0.0954
    2.4598E-02   3.35002E-09 0.0959
    2.4667E-02   3.46725E-09 0.0856
    2.4736E-02   3.05966E-09 0.1041
    2.4805E-02   3.00210E-09 0.1004
    2.4874E-02   2.94737E-09 0.0990
    2.4943E-02   3.08960E-09 0.1006
    2.5012E-02   3.06103E-09 0.0913
    2.5081E-02   3.23427E-09 0.0954
    2.5150E-02   3.55819E-09 0.0899
    2.5219E-02   3.20493E-09 0.0937
    2.5288E-02   3.53483E-09 0.0926
    2.5357E-02   3.81359E-09 0.0844
    2.5426E-02   3.65235E-09 0.0869
    2.5495E-02   3.09651E-09 0.0980
    2.5564E-02   3.45561E-09 0.0872
    2.5633E-02   3.26956E-09 0.0924
    2.5702E-02   3.45297E-09 0.0917
    2.5771E-02   3.40124E-09 0.0834
    2.5840E-02   3.99202E-09 0.0852
    2.5909E-02   3.65384E-09 0.0842
    2.5978E-02   3.87928E-09 0.0917
    2.6047E-02   3.44897E-09 0.0917
    2.6116E-02   3.58355E-09 0.0830
    2.6185E-02   3.53665E-09 0.0940
    2.6254E-02   3.63575E-09 0.0801
    2.6323E-02   3.21929E-09 0.0929
    2.6392E-02   4.01664E-09 0.0899
    2.6461E-02   3.67000E-09 0.0816
    2.6530E-02   4.30459E-09 0.0815
    2.6599E-02   3.88113E-09 0.0881
    2.6668E-02   3.83247E-09 0.0873
    2.6737E-02   3.00764E-09 0.0908
    2.6806E-02   4.10621E-09 0.0849
    2.6875E-02   3.96506E-09 0.0869
    2.6944E-02   3.64251E-09 0.0840
    2.7013E-02   3.83983E-09 0.0793
    2.7082E-02   3.88726E-09 0.0846
    2.7151E-02   3.96877E-09 0.0849
    2.7220E-02   3.45111E-09 0.0906
    2.7289E-02   3.65056E-09 0.0839
    2.7358E-02   3.85641E-09 0.0868
    2.7427E-02   4.30198E-09 0.0825
    2.7496E-02   4.17663E-09 0.0828
    2.7565E-02   3.54936E-09 0.0825
    2.7634E-02   3.65467E-09 0.0789
    2.7703E-02   3.52621E-09 0.0873
    2.7772E-02   4.24824E-09 0.0861
    2.7841E-02   4.25693E-09 0.0797
    2.7910E-02   4.09144E-09 0.0814
    2.7979E-02   4.13479E-09 0.0844
    2.8048E-02   4.28161E-09 0.0793
    2.8117E-02   4.12968E-09 0.0792
    2.8186E-02   4.24017E-09 0.0829
    2.8255E-02   4.24981E-09 0.0915
    2.8324E-02   3.91408E-09 0.0854
    2.8393E-02   3.74447E-09 0.0781
    2.8462E-02   4.48659E-09 0.0799
    2.8531E-02   4.78121E-09 0.0753
    2.8600E-02   4.29907E-09 0.0760
    2.8669E-02   4.00996E-09 0.0854
    2.8738E-02   4.81042E-09 0.0750
    2.8807E-02   4.09012E-09 0.0831
    2.8876E-02   4.23455E-09 0.0795
    2.8945E-02   3.91557E-09 0.0868
    2.9014E-02   4.10317E-09 0.0813
    2.9083E-02   4.50437E-09 0.0804
    2.9152E-02   3.99987E-09 0.0819
    2.9221E-02   4.63480E-09 0.0739
    2.9290E-02   4.81794E-09 0.0776
    2.9359E-02   3.93021E-09 0.0880
    2.9428E-02   4.54326E-09 0.0806
    2.9497E-02   4.39692E-09 0.0743
    2.9566E-02   4.58310E-09 0.0813
    2.9635E-02   4.40234E-09 0.0775
    2.9704E-02   3.98055E-09 0.0786
    2.9773E-02   4.00554E-09 0.0837
    2.9842E-02   3.94543E-09 0.0749
    2.9911E-02   4.48008E-09 0.0834
    2.9980E-02   4.42349E-09 0.0784
    3.0049E-02   4.25699E-09 0.0805
    3.0118E-02   4.53766E-09 0.0741
    3.0187E-02   4.30380E-09 0.0782
    3.0256E-02   3.73169E-09 0.0810
    3.0325E-02   4.64834E-09 0.0788
    3.0394E-02   3.53669E-09 0.0837
    3.0463E-02   4.52730E-09 0.0770
    3.0532E-02   4.44623E-09 0.0732
    3.0601E-02   4.32563E-09 0.0759
    3.0670E-02   3.70147E-09 0.0894
    3.0739E-02   3.99980E-09 0.0833
    3.0808E-02   4.66735E-09 0.0770
    3.0877E-02   4.92666E-09 0.0733
    3.0946E-02   4.47510E-09 0.0760
    3.1015E-02   4.61061E-09 0.0748
    3.1084E-02   4.74531E-09 0.0761
    3.1153E-02   3.96808E-09 0.0740
    3.1222E-02   4.43408E-09 0.0714
    3.1291E-02   4.36457E-09 0.0772
    3.1360E-02   4.46798E-09 0.0743
    3.1429E-02   4.25930E-09 0.0816
    3.1498E-02   4.63236E-09 0.0801
    3.1567E-02   4.53424E-09 0.0784
    3.1636E-02   5.03458E-09 0.0720
    3.1705E-02   4.35382E-09 0.0835
    3.1774E-02   4.70357E-09 0.0706
    3.1843E-02   4.55392E-09 0.0750
    3.1912E-02   4.61609E-09 0.0729
    3.1981E-02   3.96917E-09 0.0739
    3.2050E-02   4.81818E-09 0.0751
    3.2119E-02   4.04032E-09 0.0789
    3.2188E-02   4.12311E-09 0.0778
    3.2257E-02   4.10980E-09 0.0845
    3.2326E-02   5.00191E-09 0.0773
    3.2395E-02   4.43836E-09 0.0760
    3.2464E-02   4.25704E-09 0.0779
    3.2533E-02   5.33505E-09 0.0704
    3.2602E-02   4.71810E-09 0.0759
    3.2671E-02   4.52880E-09 0.0733
    3.2740E-02   4.79289E-09 0.0721
    3.2809E-02   4.57185E-09 0.0715
    3.2878E-02   4.43117E-09 0.0743
    3.2947E-02   4.37237E-09 0.0796
    3.3016E-02   4.62092E-09 0.0755
    3.3085E-02   4.83415E-09 0.0775
    3.3154E-02   4.57510E-09 0.0760
    3.3223E-02   4.87121E-09 0.0700
    3.3292E-02   4.37171E-09 0.0780
    3.3361E-02   4.64199E-09 0.0735
    3.3430E-02   4.30981E-09 0.0819
    3.3499E-02   4.82251E-09 0.0748
    3.3568E-02   4.72721E-09 0.0772
    3.3637E-02   4.64421E-09 0.0752
    3.3706E-02   4.50638E-09 0.0794
    3.3775E-02   3.98660E-09 0.0789
    3.3844E-02   4.50145E-09 0.0764
    3.3913E-02   4.65483E-09 0.0762
    3.3982E-02   4.71572E-09 0.0770
    3.4051E-02   4.87392E-09 0.0713
    3.4120E-02   4.28868E-09 0.0736
    3.4189E-02   4.83485E-09 0.0745
    3.4258E-02   4.43308E-09 0.0689
    3.4327E-02   4.80266E-09 0.0773
    3.4396E-02   4.98348E-09 0.0702
    3.4465E-02   4.82864E-09 0.0743
    3.4534E-02   4.38878E-09 0.0745
    3.4603E-02   4.42935E-09 0.0738
    3.4672E-02   4.10585E-09 0.0770
    3.4741E-02   4.66569E-09 0.0716
    3.4810E-02   4.12443E-09 0.0731
    3.4879E-02   4.41924E-09 0.0815
    3.4948E-02   3.98598E-09 0.0806
    3.5017E-02   4.73608E-09 0.0709
    3.5086E-02   3.96806E-09 0.0768
    3.5155E-02   4.48121E-09 0.0746
    3.5224E-02   4.63206E-09 0.0761
    3.5293E-02   4.34772E-09 0.0775
    3.5362E-02   3.90319E-09 0.0732
    3.5431E-02   4.68408E-09 0.0742
    3.5500E-02   4.62469E-09 0.0791
    3.5569E-02   4.11077E-09 0.0785
    3.5638E-02   4.20745E-09 0.0776
    3.5707E-02   4.17834E-09 0.0744
    3.5776E-02   4.45845E-09 0.0795
    3.5845E-02   4.25563E-09 0.0786
    3.5914E-02   4.57079E-09 0.0737
    3.5983E-02   4.69582E-09 0.0767
    3.6052E-02   4.19800E-09 0.0757
    3.6121E-02   4.60198E-09 0.0736
    3.6190E-02   4.82998E-09 0.0696
    3.6259E-02   4.50617E-09 0.0725
    3.6328E-02   4.29084E-09 0.0745
    3.6397E-02   4.67131E-09 0.0753
    3.6466E-02   4.00314E-09 0.0816
    3.6535E-02   4.85654E-09 0.0815
    3.6604E-02   3.98017E-09 0.0835
    3.6673E-02   4.81167E-09 0.0740
    3.6742E-02   4.34022E-09 0.0738
    3.6811E-02   4.45394E-09 0.0760
    3.6880E-02   4.43598E-09 0.0730
    3.6949E-02   4.11992E-09 0.0742
    3.7018E-02   4.37431E-09 0.0737
    3.7087E-02   4.29833E-09 0.0727
    3.7156E-02   4.75791E-09 0.0759
    3.7225E-02   3.92817E-09 0.0766
    3.7294E-02   4.12381E-09 0.0780
    3.7363E-02   3.27741E-09 0.0824
    3.7432E-02   4.35273E-09 0.0755
    3.7501E-02   4.77495E-09 0.0728
    3.7570E-02   3.87667E-09 0.0767
    3.7639E-02   4.38673E-09 0.0767
    3.7708E-02   4.28426E-09 0.0726
    3.7777E-02   4.05106E-09 0.0859
    3.7846E-02   4.43001E-09 0.0746
    3.7915E-02   4.75188E-09 0.0713
    3.7984E-02   4.26744E-09 0.0781
    3.8053E-02   4.79270E-09 0.0753
    3.8122E-02   4.12786E-09 0.0759
    3.8191E-02   4.28346E-09 0.0781
    3.8260E-02   4.58318E-09 0.0774
    3.8329E-02   4.67116E-09 0.0720
    3.8398E-02   3.79902E-09 0.0821
    3.8467E-02   3.64342E-09 0.0770
    3.8536E-02   4.04245E-09 0.0787
    3.8605E-02   3.73901E-09 0.0761
    3.8674E-02   4.87624E-09 0.0685
    3.8743E-02   4.09058E-09 0.0702
    3.8812E-02   4.38012E-09 0.0764
    3.8881E-02   4.13028E-09 0.0815
    3.8950E-02   4.07161E-09 0.0764
    3.9019E-02   3.70572E-09 0.0806
    3.9088E-02   3.90793E-09 0.0782
    3.9157E-02   4.16335E-09 0.0754
    3.9226E-02   4.11597E-09 0.0738
    3.9295E-02   4.35931E-09 0.0766
    3.9364E-02   4.70755E-09 0.0788
    3.9433E-02   3.82825E-09 0.0773
    3.9502E-02   4.07753E-09 0.0742
    3.9571E-02   3.90633E-09 0.0780
    3.9640E-02   3.97277E-09 0.0793
    3.9709E-02   3.75603E-09 0.0801
    3.9778E-02   3.69697E-09 0.0762
    3.9847E-02   3.87995E-09 0.0822
    3.9916E-02   4.12495E-09 0.0773
    3.9985E-02   3.83170E-09 0.0767
    4.0054E-02   4.66560E-09 0.0763
    4.0123E-02   3.44555E-09 0.0767
    4.0192E-02   4.02591E-09 0.0767
    4.0261E-02   3.98974E-09 0.0728
    4.0330E-02   3.90894E-09 0.0779
    4.0399E-02   4.09526E-09 0.0738
    4.0468E-02   4.36413E-09 0.0728
    4.0537E-02   3.52192E-09 0.0829
    4.0606E-02   4.23882E-09 0.0740
    4.0675E-02   4.48134E-09 0.0716
    4.0744E-02   4.34956E-09 0.0712
    4.0813E-02   3.41461E-09 0.0820
    4.0882E-02   3.90463E-09 0.0799
    4.0951E-02   4.54102E-09 0.0762
    4.1020E-02   3.86835E-09 0.0760
    4.1089E-02   3.47587E-09 0.0759
    4.1158E-02   3.77166E-09 0.0750
    4.1227E-02   3.83314E-09 0.0743
    4.1296E-02   4.00571E-09 0.0745
    4.1365E-02   4.13491E-09 0.0769
    4.1434E-02   4.00397E-09 0.0785
    4.1503E-02   4.26891E-09 0.0775
    4.1572E-02   3.79910E-09 0.0746
    4.1641E-02   3.96780E-09 0.0790
    4.1710E-02   3.53701E-09 0.0752
    4.1779E-02   4.26849E-09 0.0772
    4.1848E-02   3.83567E-09 0.0805
    4.1917E-02   3.70159E-09 0.0845
    4.1986E-02   3.29042E-09 0.0809
    4.2055E-02   4.23113E-09 0.0759
    4.2124E-02   3.64527E-09 0.0740
    4.2193E-02   3.55676E-09 0.0773
    4.2262E-02   3.98899E-09 0.0767
    4.2331E-02   4.14270E-09 0.0768
    4.2400E-02   3.64187E-09 0.0740
    4.2469E-02   3.68337E-09 0.0803
    4.2538E-02   3.70391E-09 0.0905
    4.2607E-02   4.11907E-09 0.0751
    4.2676E-02   4.07556E-09 0.0736
    4.2745E-02   3.45095E-09 0.0759
    4.2814E-02   3.57965E-09 0.0744
    4.2883E-02   3.74932E-09 0.0796
    4.2952E-02   3.47916E-09 0.0809
    4.3021E-02   3.92676E-09 0.0811
    4.3090E-02   4.02577E-09 0.0760
    4.3159E-02   3.59534E-09 0.0860
    4.3228E-02   3.81751E-09 0.0903
    4.3297E-02   4.13565E-09 0.0785
    4.3366E-02   3.59571E-09 0.0766
    4.3435E-02   3.54039E-09 0.0798
    4.3504E-02   3.62020E-09 0.0764
    4.3573E-02   3.42813E-09 0.0839
    4.3642E-02   3.22725E-09 0.0842
    4.3711E-02   3.42728E-09 0.0839
    4.3780E-02   3.10801E-09 0.0863
    4.3849E-02   3.20356E-09 0.0846
    4.3918E-02   3.63142E-09 0.0736
    4.3987E-02   3.73047E-09 0.0838
    4.4056E-02   3.46316E-09 0.0781
    4.4125E-02   3.23562E-09 0.0815
    4.4194E-02   3.37192E-09 0.0846
    4.4263E-02   3.33610E-09 0.0768
    4.4332E-02   3.53177E-09 0.0747
    4.4401E-02   3.41887E-09 0.0838
    4.4470E-02   3.58273E-09 0.0791
    4.4539E-02   2.95961E-09 0.0883
    4.4608E-02   3.18807E-09 0.0818
    4.4677E-02   3.73526E-09 0.0836
    4.4746E-02   3.25740E-09 0.0778
    4.4815E-02   3.62387E-09 0.0784
    4.4884E-02   3.25308E-09 0.0864
    4.4953E-02   3.33007E-09 0.0824
    4.5022E-02   3.48422E-09 0.0827
    4.5091E-02   3.11494E-09 0.0829
    4.5160E-02   3.39637E-09 0.0814
    4.5229E-02   3.13380E-09 0.0853
    4.5298E-02   3.35242E-09 0.0873
    4.5367E-02   3.18469E-09 0.0874
    4.5436E-02   3.27662E-09 0.0935
    4.5505E-02   3.39904E-09 0.0815
    4.5574E-02   2.97018E-09 0.0850
    4.5643E-02   3.23151E-09 0.0867
    4.5712E-02   3.13486E-09 0.0855
    4.5781E-02   3.18679E-09 0.0898
    4.5850E-02   3.17696E-09 0.0817
    4.5919E-02   3.19092E-09 0.0816
    4.5988E-02   3.08489E-09 0.0891
    4.6057E-02   3.12751E-09 0.0854
    4.6126E-02   3.74485E-09 0.0834
    4.6195E-02   3.03077E-09 0.0871
    4.6264E-02   2.78970E-09 0.0916
    4.6333E-02   3.20661E-09 0.0842
    4.6402E-02   3.56896E-09 0.0813
    4.6471E-02   3.38335E-09 0.0914
    4.6540E-02   2.87867E-09 0.0863
    4.6609E-02   3.17745E-09 0.0873
    4.6678E-02   3.42833E-09 0.0834
    4.6747E-02   3.09392E-09 0.0944
    4.6816E-02   3.16969E-09 0.0902
    4.6885E-02   3.52136E-09 0.0889
    4.6954E-02   2.82958E-09 0.0872
    4.7023E-02   3.69375E-09 0.0861
    4.7092E-02   3.14810E-09 0.0790
    4.7161E-02   3.19309E-09 0.0871
    4.7230E-02   3.36374E-09 0.0891
    4.7299E-02   3.22699E-09 0.0837
    4.7368E-02   3.05494E-09 0.0895
    4.7437E-02   3.77813E-09 0.0848
    4.7506E-02   3.24978E-09 0.0834
    4.7575E-02   2.93200E-09 0.0784
    4.7644E-02   2.96934E-09 0.0939
    4.7713E-02   3.51310E-09 0.0842
    4.7782E-02   2.76123E-09 0.0888
    4.7851E-02   2.86112E-09 0.0869
    4.7920E-02   2.59997E-09 0.0875
    4.7989E-02   3.26699E-09 0.0802
    4.8058E-02   2.89005E-09 0.0789
    4.8127E-02   3.13904E-09 0.0849
    4.8196E-02   3.64569E-09 0.0800
    4.8265E-02   2.87377E-09 0.0894
    4.8334E-02   3.20383E-09 0.0921
    4.8403E-02   2.81264E-09 0.0911
    4.8472E-02   2.81304E-09 0.0907
    4.8541E-02   2.83187E-09 0.0903
    4.8610E-02   3.06172E-09 0.0829
    4.8679E-02   2.88431E-09 0.0824
    4.8748E-02   2.39285E-09 0.1045
    4.8817E-02   2.98450E-09 0.0904
    4.8886E-02   3.18948E-09 0.0868
    4.8955E-02   2.80498E-09 0.0874
    4.9024E-02   3.19492E-09 0.0838
    4.9093E-02   3.41812E-09 0.0855
    4.9162E-02   2.88283E-09 0.0891
    4.9231E-02   2.88457E-09 0.0891
    4.9300E-02   2.80355E-09 0.0908
    4.9369E-02   2.87369E-09 0.0859
    4.9438E-02   2.94478E-09 0.0814
    4.9507E-02   2.64157E-09 0.0942
    4.9576E-02   2.92549E-09 0.0947
    4.9645E-02   2.83256E-09 0.0901
    4.9714E-02   2.92045E-09 0.0977
    4.9783E-02   3.29107E-09 0.0876
    4.9852E-02   2.15107E-09 0.1070
    4.9921E-02   2.76228E-09 0.0842
    4.9990E-02   2.30040E-09 0.1026
    5.0059E-02   2.64145E-09 0.0977
    5.0128E-02   2.89225E-09 0.0922
    5.0197E-02   2.59989E-09 0.0870
    5.0266E-02   2.66874E-09 0.1004
    5.0335E-02   2.92882E-09 0.0814
    5.0404E-02   2.67653E-09 0.0897
    5.0473E-02   2.87442E-09 0.0857
    5.0542E-02   2.62551E-09 0.1016
    5.0611E-02   2.59603E-09 0.0950
    5.0680E-02   2.71111E-09 0.0996
    5.0749E-02   2.55350E-09 0.0918
    5.0818E-02   2.19099E-09 0.0899
    5.0887E-02   1.99057E-09 0.0941
    5.0956E-02   2.51334E-09 0.1009
    5.1025E-02   2.50533E-09 0.0929
    5.1094E-02   2.28974E-09 0.0931
    5.1163E-02   2.51447E-09 0.0968
    5.1232E-02   2.75567E-09 0.0914
    5.1301E-02   2.36821E-09 0.0863
    5.1370E-02   2.39869E-09 0.0995
    5.1439E-02   2.17148E-09 0.0957
    5.1508E-02   2.25289E-09 0.0988
    5.1577E-02   2.65484E-09 0.0855
    5.1646E-02   2.42742E-09 0.0945
    5.1715E-02   2.26678E-09 0.1033
    5.1784E-02   2.13385E-09 0.0966
    5.1853E-02   2.65343E-09 0.0857
    5.1922E-02   2.43770E-09 0.0942
    5.1991E-02   2.39070E-09 0.0951
    5.2060E-02   2.99734E-09 0.0986
    5.2129E-02   2.66431E-09 0.0968
    5.2198E-02   1.75594E-09 0.1075
    5.2267E-02   2.64205E-09 0.0937
    5.2336E-02   2.16877E-09 0.0957
    5.2405E-02   2.09339E-09 0.0975
    5.2474E-02   2.21582E-09 0.0944
    5.2543E-02   2.12587E-09 0.0966
    5.2612E-02   2.06562E-09 0.1145
    5.2681E-02   2.25655E-09 0.0933
    5.2750E-02   2.51883E-09 0.1003
    5.2819E-02   1.91525E-09 0.1024
    5.2888E-02   2.40402E-09 0.0902
    5.2957E-02   2.29481E-09 0.0975
    5.3026E-02   2.28251E-09 0.0976
    5.3095E-02   2.26198E-09 0.0984
    5.3164E-02   2.72666E-09 0.0952
    5.3233E-02   2.04907E-09 0.0925
    5.3302E-02   2.11095E-09 0.1024
    5.3371E-02   2.19116E-09 0.1145
    5.3440E-02   1.80396E-09 0.1058
    5.3509E-02   2.28180E-09 0.0928
    5.3578E-02   2.43256E-09 0.0895
    5.3647E-02   2.30517E-09 0.1017
    5.3716E-02   2.31974E-09 0.1015
    5.3785E-02   2.62947E-09 0.1011
    5.3854E-02   2.15642E-09 0.1010
    5.3923E-02   2.45545E-09 0.0897
    5.3992E-02   2.62553E-09 0.0938
    5.4061E-02   2.25707E-09 0.1121
    5.4130E-02   2.53756E-09 0.1035
    5.4199E-02   2.12102E-09 0.1074
    5.4268E-02   2.72059E-09 0.0878
    5.4337E-02   1.93183E-09 0.1015
    5.4406E-02   1.83622E-09 0.1046
    5.4475E-02   2.32418E-09 0.1057
    5.4544E-02   2.38385E-09 0.0951
    5.4613E-02   2.41589E-09 0.0943
    5.4682E-02   1.66072E-09 0.1021
    5.4751E-02   2.16078E-09 0.0954
    5.4820E-02   1.98431E-09 0.1118
    5.4889E-02   2.14415E-09 0.1070
    5.4958E-02   2.34236E-09 0.0910
    5.5027E-02   1.89616E-09 0.1152
    5.5096E-02   2.05859E-09 0.0916
    5.5165E-02   1.74459E-09 0.0995
    5.5234E-02   2.21259E-09 0.0941
    5.5303E-02   2.08226E-09 0.0913
    5.5372E-02   2.06915E-09 0.1088
    5.5441E-02   1.50246E-09 0.1073
    5.5510E-02   2.18905E-09 0.0946
    5.5579E-02   1.79984E-09 0.1193
    5.5648E-02   1.58356E-09 0.1043
    5.5717E-02   2.34872E-09 0.1089
    5.5786E-02   1.94188E-09 0.0941
    5.5855E-02   1.73218E-09 0.1077
    5.5924E-02   1.97114E-09 0.1064
    5.5993E-02   1.69963E-09 0.1089
    5.6062E-02   2.12828E-09 0.1118
    5.6131E-02   1.71967E-09 0.1227
    5.6200E-02   1.85346E-09 0.1037
    5.6269E-02   2.22426E-09 0.1035
    5.6338E-02   1.88973E-09 0.1026
    5.6407E-02   1.73384E-09 0.1220
    5.6476E-02   1.90560E-09 0.1021
    5.6545E-02   1.85606E-09 0.1167
    5.6614E-02   1.89947E-09 0.1088
    5.6683E-02   1.81915E-09 0.1048
    5.6752E-02   1.89098E-09 0.1022
    5.6821E-02   1.85285E-09 0.0963
    5.6890E-02   1.72587E-09 0.1154
    5.6959E-02   1.50829E-09 0.1066
    5.7028E-02   1.73799E-09 0.1148
    5.7097E-02   1.75740E-09 0.1066
    5.7166E-02   1.49899E-09 0.1168
    5.7235E-02   1.52456E-09 0.1060
    5.7304E-02   1.43726E-09 0.1091
    5.7373E-02   1.78533E-09 0.1128
    5.7442E-02   1.87696E-09 0.1027
    5.7511E-02   1.60732E-09 0.1123
    5.7580E-02   1.84768E-09 0.1103
    5.7649E-02   1.62653E-09 0.1026
    5.7718E-02   1.93377E-09 0.1134
    5.7787E-02   1.80071E-09 0.1049
    5.7856E-02   1.96123E-09 0.1122
    5.7925E-02   1.81903E-09 0.1115
    5.7994E-02   1.94648E-09 0.1006
    5.8063E-02   1.46000E-09 0.1184
    5.8132E-02   1.73975E-09 0.0991
    5.8201E-02   1.72488E-09 0.0995
    5.8270E-02   1.87239E-09 0.1092
    5.8339E-02   1.47648E-09 0.1176
    5.8408E-02   1.94498E-09 0.1128
    5.8477E-02   1.58656E-09 0.1130
    5.8546E-02   1.52532E-09 0.1244
    5.8615E-02   1.60370E-09 0.1119
    5.8684E-02   1.55624E-09 0.1139
    5.8753E-02   1.63379E-09 0.1110
    5.8822E-02   1.69452E-09 0.1085
    5.8891E-02   1.46523E-09 0.1274
    5.8960E-02   1.25479E-09 0.1294
    5.9029E-02   1.40648E-09 0.1209
    5.9098E-02   1.27671E-09 0.1155
    5.9167E-02   1.62925E-09 0.1106
    5.9236E-02   1.67242E-09 0.1092
    5.9305E-02   1.46084E-09 0.1275
    5.9374E-02   1.44232E-09 0.1085
    5.9443E-02   1.44828E-09 0.1186
    5.9512E-02   1.52289E-09 0.1240
    5.9581E-02   1.39346E-09 0.1315
    5.9650E-02   1.44501E-09 0.1285
    5.9719E-02   1.54589E-09 0.1230
    5.9788E-02   1.34458E-09 0.1118
    5.9857E-02   1.47052E-09 0.1177
    5.9926E-02   1.51981E-09 0.1154
    5.9995E-02   1.49653E-09 0.1339
    6.0064E-02   1.36364E-09 0.1335
    6.0133E-02   1.33245E-09 0.1125
    6.0202E-02   1.35506E-09 0.1349
    6.0271E-02   1.58363E-09 0.1126
    6.0340E-02   1.35528E-09 0.1230
    6.0409E-02   1.13315E-09 0.1222
    6.0478E-02   1.62341E-09 0.1111
    6.0547E-02   1.32074E-09 0.1360
    6.0616E-02   1.20439E-09 0.1187
    6.0685E-02   1.27627E-09 0.1147
    6.0754E-02   1.13094E-09 0.1222
    6.0823E-02   1.42435E-09 0.1295
    6.0892E-02   1.15991E-09 0.1352
    6.0961E-02   1.18569E-09 0.1195
    6.1030E-02   1.37576E-09 0.1220
    6.1099E-02   1.27476E-09 0.1147
    6.1168E-02   1.27615E-09 0.1276
    6.1237E-02   1.11126E-09 0.1231
    6.1306E-02   1.24206E-09 0.1297
    6.1375E-02   9.08591E-10 0.1361
    6.1444E-02   1.32775E-09 0.1247
    6.1513E-02   1.20465E-09 0.1319
    6.1582E-02   1.25178E-09 0.1408
    6.1651E-02   1.14078E-09 0.1364
    6.1720E-02   1.27412E-09 0.1290
    6.1789E-02   1.17454E-09 0.1341
    6.1858E-02   1.18873E-09 0.1187
    6.1927E-02   9.87358E-10 0.1302
    6.1996E-02   1.05496E-09 0.1260
    6.2065E-02   7.17323E-10 0.1526
    6.2134E-02   1.08322E-09 0.1404
    6.2203E-02   1.20353E-09 0.1179
    6.2272E-02   9.96612E-10 0.1476
    6.2341E-02   1.14567E-09 0.1355
    6.2410E-02   1.42510E-09 0.1290
    6.2479E-02   1.03412E-09 0.1445
    6.2548E-02   1.11410E-09 0.1520
    6.2617E-02   1.29984E-09 0.1373
    6.2686E-02   1.18392E-09 0.1187
    6.2755E-02   1.11249E-09 0.1380
    6.2824E-02   9.15069E-10 0.1349
    6.2893E-02   9.91414E-10 0.1644
    6.2962E-02   1.14565E-09 0.1355
    6.3031E-02   8.12305E-10 0.1429
    6.3100E-02   7.77587E-10 0.1459
    6.3169E-02   9.90811E-10 0.1644
    6.3238E-02   9.14108E-10 0.1349
    6.3307E-02   1.05855E-09 0.1420
    6.3376E-02   8.94857E-10 0.1361
    6.3445E-02   9.24485E-10 0.1725
    6.3514E-02   9.93447E-10 0.1477
    6.3583E-02   8.66969E-10 0.1387
    6.3652E-02   1.06141E-09 0.1419
    6.3721E-02   8.94301E-10 0.1361
    6.3790E-02   9.12853E-10 0.1558
    6.3859E-02   8.44635E-10 0.1401
    6.3928E-02   9.41842E-10 0.1325
    6.3997E-02   6.62967E-10 0.1581
    6.4066E-02   9.11021E-10 0.1559
    6.4135E-02   8.27440E-10 0.1415
    6.4204E-02   9.90699E-10 0.1291
    6.4273E-02   9.91488E-10 0.1478
    6.4342E-02   6.59907E-10 0.1582
    6.4411E-02   8.58069E-10 0.1617
    6.4480E-02   5.60585E-10 0.1716
    6.4549E-02   7.59283E-10 0.1475
    6.4618E-02   8.06992E-10 0.1680
    6.4687E-02   8.60908E-10 0.1387
    6.4756E-02   7.90006E-10 0.1702
    6.4825E-02   4.78208E-10 0.1858
    6.4894E-02   7.38513E-10 0.1776
    6.4963E-02   6.77982E-10 0.1562
    6.5032E-02   6.63166E-10 0.1581
    6.5101E-02   6.25133E-10 0.1623
    6.5170E-02   5.06846E-10 0.1797
    6.5239E-02   7.38287E-10 0.1776
    6.5308E-02   5.85441E-10 0.2396
    6.5377E-02   5.11626E-10 0.1797
    6.5446E-02   6.86837E-10 0.1544
    6.5515E-02   6.09539E-10 0.1644
    6.5584E-02   8.17246E-10 0.1662
    6.5653E-02   5.89934E-10 0.1667
    6.5722E-02   4.26398E-10 0.1962
    6.5791E-02   7.17585E-10 0.1508
    6.5860E-02   4.86992E-10 0.2340
    6.5929E-02   5.56038E-10 0.1715
    6.5998E-02   6.56822E-10 0.1582
    6.6067E-02   5.56030E-10 0.1715
    6.6136E-02   5.22657E-10 0.1768
    6.6205E-02   7.31340E-10 0.1781
    6.6274E-02   7.47988E-10 0.1756
    6.6343E-02   7.17094E-10 0.1806
    6.6412E-02   5.53705E-10 0.1715
    6.6481E-02   5.99523E-10 0.2029
    6.6550E-02   5.53128E-10 0.1715
    6.6619E-02   5.85267E-10 0.2064
    6.6688E-02   5.18354E-10 0.1768
    6.6757E-02   5.35751E-10 0.2191
    6.6826E-02   4.70003E-10 0.1857
    6.6895E-02   5.69039E-10 0.1691
    6.6964E-02   5.18827E-10 0.1768
    6.7033E-02   4.02469E-10 0.2671
    6.7102E-02   5.32739E-10 0.2239
    6.7171E-02   4.69443E-10 0.1857
    6.7240E-02   2.73798E-10 0.2426
    6.7309E-02   4.82637E-10 0.2348
    6.7378E-02   4.84645E-10 0.1826
    6.7447E-02   4.66514E-10 0.1857
    6.7516E-02   4.36157E-10 0.1925
    6.7585E-02   3.39105E-10 0.2182
    6.7654E-02   3.39383E-10 0.2182
    6.7723E-02   3.86352E-10 0.2042
    6.7792E-02   4.32985E-10 0.2532
    6.7861E-02   3.37369E-10 0.2182
    6.7930E-02   3.68394E-10 0.2085
    6.7999E-02   2.23860E-10 0.2673
    6.8068E-02   3.69341E-10 0.2085
    6.8137E-02   3.20873E-10 0.2236
    6.8206E-02   3.67563E-10 0.2847
    6.8275E-02   2.71513E-10 0.3574
    6.8344E-02   2.24145E-10 0.2673
    6.8413E-02   2.57021E-10 0.2500
    6.8482E-02   2.56436E-10 0.2500
    6.8551E-02   3.35707E-10 0.2182
    6.8620E-02   3.52141E-10 0.2132
    6.8689E-02   1.27716E-10 0.3536
    6.8758E-02   3.67580E-10 0.3445
    6.8827E-02   9.38821E-11 0.4083
    6.8896E-02   2.24024E-10 0.2673
    6.8965E-02   2.71265E-10 0.2426
    6.9034E-02   1.10015E-10 0.3780
    6.9103E-02   1.58160E-10 0.3163
    6.9172E-02   1.25539E-10 0.3536
    6.9241E-02   1.75221E-10 0.3015
    6.9310E-02   4.75288E-11 0.5774
    6.9379E-02   9.47264E-11 0.4083
    6.9448E-02   1.58252E-10 0.5503
    6.9517E-02   6.24093E-11 0.5000
    6.9586E-02   6.30391E-11 0.5000
    6.9655E-02   2.04219E-10 0.4458
    6.9724E-02   1.39167E-10 0.3333
    6.9793E-02   3.07610E-11 0.7071
    6.9862E-02   1.55274E-11 1.0000
    6.9931E-02   3.07593E-11 0.7071
    7.0000E-02   4.59873E-11 0.5774
      total      2.03534E-06 0.0040