0.000000E+00 3.349000E-01 0.000000E+00
3.349000E-01 6.698000E-01 0.000000E+00
6.698000E-01 1.005000E+00 0.000000E+00
1.005000E+00 1.340000E+00 0.000000E+00
1.340000E+00 1.675000E+00 0.000000E+00
1.675000E+00 2.009000E+00 0.000000E+00
2.009000E+00 2.344000E+00 0.000000E+00
2.344000E+00 2.679000E+00 0.000000E+00
2.679000E+00 3.014000E+00 0.000000E+00
3.014000E+00 3.349000E+00 0.000000E+00
3.349000E+00 3.684000E+00 0.000000E+00
3.684000E+00 4.019000E+00 0.000000E+00
4.019000E+00 4.354000E+00 0.000000E+00
4.354000E+00 4.689000E+00 0.000000E+00
4.689000E+00 5.024000E+00 0.000000E+00
5.024000E+00 5.358000E+00 0.000000E+00
5.358000E+00 5.693000E+00 0.000000E+00
5.693000E+00 6.028000E+00 0.000000E+00
6.028000E+00 6.363000E+00 0.000000E+00
6.363000E+00 6.698000E+00 0.000000E+00
6.698000E+00 7.033000E+00 0.000000E+00
7.033000E+00 7.368000E+00 0.000000E+00
7.368000E+00 7.703000E+00 0.000000E+00
7.703000E+00 8.038000E+00 0.000000E+00
8.038000E+00 8.373000E+00 0.000000E+00
8.373000E+00 8.708000E+00 0.000000E+00
8.708000E+00 9.042000E+00 0.000000E+00
9.042000E+00 9.377000E+00 0.000000E+00
9.377000E+00 9.712000E+00 0.000000E+00
9.712000E+00 1.005000E+01 0.000000E+00
1.005000E+01 1.038000E+01 0.000000E+00
1.038000E+01 1.072000E+01 0.000000E+00
1.072000E+01 1.105000E+01 0.000000E+00
1.105000E+01 1.139000E+01 0.000000E+00
1.139000E+01 1.172000E+01 0.000000E+00
1.172000E+01 1.206000E+01 0.000000E+00
1.206000E+01 1.239000E+01 5.570643E-04
1.239000E+01 1.273000E+01 1.123903E-03
1.273000E+01 1.306000E+01 2.001336E-03
1.306000E+01 1.340000E+01 3.487039E-03
1.340000E+01 1.373000E+01 5.912987E-03
1.373000E+01 1.407000E+01 9.281499E-03
1.407000E+01 1.440000E+01 1.444166E-02
1.440000E+01 1.474000E+01 2.108715E-02
1.474000E+01 1.507000E+01 2.987557E-02
1.507000E+01 1.541000E+01 4.098558E-02
1.541000E+01 1.574000E+01 5.409108E-02
1.574000E+01 1.608000E+01 7.154611E-02
1.608000E+01 1.641000E+01 8.846303E-02
1.641000E+01 1.675000E+01 1.115186E-01
1.675000E+01 1.708000E+01 1.397976E-01
1.708000E+01 1.742000E+01 1.681038E-01
1.742000E+01 1.775000E+01 2.037696E-01
1.775000E+01 1.808000E+01 2.382338E-01
1.808000E+01 1.842000E+01 2.775502E-01
1.842000E+01 1.875000E+01 3.204455E-01
1.875000E+01 1.909000E+01 3.572745E-01
1.909000E+01 1.942000E+01 3.988531E-01
1.942000E+01 1.976000E+01 4.518834E-01
1.976000E+01 2.009000E+01 5.062864E-01
2.009000E+01 2.043000E+01 5.452461E-01
2.043000E+01 2.076000E+01 5.955714E-01
2.076000E+01 2.110000E+01 6.539506E-01
2.110000E+01 2.143000E+01 7.127606E-01
2.143000E+01 2.177000E+01 7.666731E-01
2.177000E+01 2.210000E+01 7.860476E-01
2.210000E+01 2.244000E+01 8.567614E-01
2.244000E+01 2.277000E+01 8.782937E-01
2.277000E+01 2.311000E+01 9.574655E-01
2.311000E+01 2.344000E+01 9.822667E-01
2.344000E+01 2.378000E+01 1.048030E+00
2.378000E+01 2.411000E+01 1.091990E+00
2.411000E+01 2.445000E+01 1.104406E+00
2.445000E+01 2.478000E+01 1.156382E+00
2.478000E+01 2.512000E+01 1.203857E+00
2.512000E+01 2.545000E+01 1.202780E+00
2.545000E+01 2.579000E+01 1.280812E+00
2.579000E+01 2.612000E+01 1.305682E+00
2.612000E+01 2.646000E+01 1.354308E+00
2.646000E+01 2.679000E+01 1.365400E+00
2.679000E+01 2.713000E+01 1.397230E+00
2.713000E+01 2.746000E+01 1.444429E+00
2.746000E+01 2.780000E+01 1.447168E+00
2.780000E+01 2.813000E+01 1.500673E+00
2.813000E+01 2.847000E+01 1.487224E+00
2.847000E+01 2.880000E+01 1.519823E+00
2.880000E+01 2.914000E+01 1.560536E+00
2.914000E+01 2.947000E+01 1.559593E+00
2.947000E+01 2.981000E+01 1.600786E+00
2.981000E+01 3.014000E+01 1.600667E+00
3.014000E+01 3.048000E+01 1.576280E+00
3.048000E+01 3.081000E+01 1.627468E+00
3.081000E+01 3.115000E+01 1.591822E+00
3.115000E+01 3.148000E+01 1.608815E+00
3.148000E+01 3.182000E+01 1.601200E+00
3.182000E+01 3.215000E+01 1.634887E+00
3.215000E+01 3.249000E+01 1.592484E+00
3.249000E+01 3.282000E+01 1.597537E+00
3.282000E+01 3.316000E+01 1.589965E+00
3.316000E+01 3.349000E+01 1.611482E+00
3.349000E+01 3.383000E+01 1.611564E+00
3.383000E+01 3.416000E+01 1.616220E+00
3.416000E+01 3.450000E+01 1.554313E+00
3.450000E+01 3.483000E+01 1.602157E+00
3.483000E+01 3.517000E+01 1.618223E+00
3.517000E+01 3.550000E+01 1.642148E+00
3.550000E+01 3.583000E+01 1.566154E+00
3.583000E+01 3.617000E+01 1.623648E+00
3.617000E+01 3.650000E+01 1.607048E+00
3.650000E+01 3.684000E+01 1.585562E+00
3.684000E+01 3.717000E+01 1.515154E+00
3.717000E+01 3.751000E+01 1.538366E+00
3.751000E+01 3.784000E+01 1.521496E+00
3.784000E+01 3.818000E+01 1.574886E+00
3.818000E+01 3.851000E+01 1.497870E+00
3.851000E+01 3.885000E+01 1.549616E+00
3.885000E+01 3.918000E+01 1.470334E+00
3.918000E+01 3.952000E+01 1.453542E+00
3.952000E+01 3.985000E+01 1.482210E+00
3.985000E+01 4.019000E+01 1.451567E+00
4.019000E+01 4.052000E+01 1.439385E+00
4.052000E+01 4.086000E+01 1.428282E+00
4.086000E+01 4.119000E+01 1.429166E+00
4.119000E+01 4.153000E+01 1.410169E+00
4.153000E+01 4.186000E+01 1.386383E+00
4.186000E+01 4.220000E+01 1.368056E+00
4.220000E+01 4.253000E+01 1.352327E+00
4.253000E+01 4.287000E+01 1.349645E+00
4.287000E+01 4.320000E+01 1.306476E+00
4.320000E+01 4.354000E+01 1.282997E+00
4.354000E+01 4.387000E+01 1.229809E+00
4.387000E+01 4.421000E+01 1.272769E+00
4.421000E+01 4.454000E+01 1.231708E+00
4.454000E+01 4.488000E+01 1.243517E+00
4.488000E+01 4.521000E+01 1.196390E+00
4.521000E+01 4.555000E+01 1.230172E+00
4.555000E+01 4.588000E+01 1.188554E+00
4.588000E+01 4.622000E+01 1.181328E+00
4.622000E+01 4.655000E+01 1.149095E+00
4.655000E+01 4.689000E+01 1.148474E+00
4.689000E+01 4.722000E+01 1.110222E+00
4.722000E+01 4.756000E+01 1.110056E+00
4.756000E+01 4.789000E+01 1.086185E+00
4.789000E+01 4.823000E+01 1.062072E+00
4.823000E+01 4.856000E+01 1.083668E+00
4.856000E+01 4.890000E+01 1.025063E+00
4.890000E+01 4.923000E+01 1.044930E+00
4.923000E+01 4.957000E+01 1.018476E+00
4.957000E+01 4.990000E+01 1.013444E+00
4.990000E+01 5.024000E+01 9.840727E-01
5.024000E+01 5.057000E+01 9.612948E-01
5.057000E+01 5.091000E+01 9.286844E-01
5.091000E+01 5.124000E+01 8.764699E-01
5.124000E+01 5.158000E+01 9.237511E-01
5.158000E+01 5.191000E+01 9.134928E-01
5.191000E+01 5.225000E+01 8.722099E-01
5.225000E+01 5.258000E+01 8.617349E-01
5.258000E+01 5.292000E+01 8.470979E-01
5.292000E+01 5.325000E+01 8.372882E-01
5.325000E+01 5.358000E+01 8.049790E-01
5.358000E+01 5.392000E+01 7.753390E-01
5.392000E+01 5.425000E+01 8.139462E-01
5.425000E+01 5.459000E+01 7.883691E-01
5.459000E+01 5.492000E+01 7.114040E-01
5.492000E+01 5.526000E+01 7.399265E-01
5.526000E+01 5.559000E+01 7.104376E-01
5.559000E+01 5.593000E+01 6.894702E-01
5.593000E+01 5.626000E+01 6.956400E-01
5.626000E+01 5.660000E+01 6.692809E-01
5.660000E+01 5.693000E+01 6.463244E-01
5.693000E+01 5.727000E+01 6.138187E-01
5.727000E+01 5.760000E+01 5.977875E-01
5.760000E+01 5.794000E+01 5.800105E-01
5.794000E+01 5.827000E+01 5.629197E-01
5.827000E+01 5.861000E+01 5.727089E-01
5.861000E+01 5.894000E+01 5.438877E-01
5.894000E+01 5.928000E+01 5.159805E-01
5.928000E+01 5.961000E+01 4.855255E-01
5.961000E+01 5.995000E+01 5.351050E-01
5.995000E+01 6.028000E+01 4.530129E-01
6.028000E+01 6.062000E+01 4.376801E-01
6.062000E+01 6.095000E+01 4.576663E-01
6.095000E+01 6.129000E+01 4.426363E-01
6.129000E+01 6.162000E+01 4.223767E-01
6.162000E+01 6.196000E+01 4.129831E-01
6.196000E+01 6.229000E+01 4.167912E-01
6.229000E+01 6.263000E+01 3.772177E-01
6.263000E+01 6.296000E+01 3.626968E-01
6.296000E+01 6.330000E+01 3.432679E-01
6.330000E+01 6.363000E+01 3.243132E-01
6.363000E+01 6.397000E+01 2.694912E-01
6.397000E+01 6.430000E+01 2.914378E-01
6.430000E+01 6.464000E+01 2.742644E-01
6.464000E+01 6.497000E+01 2.618707E-01
6.497000E+01 6.531000E+01 2.641618E-01
6.531000E+01 6.564000E+01 2.432955E-01
6.564000E+01 6.598000E+01 2.048136E-01
6.598000E+01 6.631000E+01 2.112805E-01
6.631000E+01 6.665000E+01 1.899649E-01
6.665000E+01 6.698000E+01 1.851971E-01
6.698000E+01 6.732000E+01 1.617468E-01
6.732000E+01 6.765000E+01 1.333255E-01
6.765000E+01 6.799000E+01 1.194908E-01
6.799000E+01 6.832000E+01 9.237495E-02
6.832000E+01 6.866000E+01 9.582906E-02
6.866000E+01 6.899000E+01 6.414645E-02
6.899000E+01 6.933000E+01 5.151437E-02
6.933000E+01 6.966000E+01 3.424714E-02
6.966000E+01 7.000000E+01 1.234340E-02
7.000000E+01 7.033000E+01 0.000000E+00
7.033000E+01 7.067000E+01 0.000000E+00
7.067000E+01 7.100000E+01 0.000000E+00
