$SPEC_ID:
Na-22
$SPEC_REM:
DET# 1
DETDESC# SALA-CONTROLLO- Easy-MCA-8k SN 10077042
AP# Maestro Version 7.01
$DATE_MEA:
08/23/2023 13:40:33
$MEAS_TIM:
600 611
$DATA:
0 2047
       0
       0
       0
       0
       0
       0
       0
       0
       0
       0
       0
       0
       0
       0
       0
       0
       0
       0
       0
       0
       0
       0
       0
       1
       7
       8
      15
       0
       0
       0
      47
      89
     125
     164
     230
     270
     321
     423
     470
     479
     565
     581
     595
     597
     566
     588
     639
     660
     595
     584
     610
     594
     649
     561
     569
     582
     580
     542
     525
     533
     527
     501
     489
     491
     462
     478
     468
     510
     496
     471
     478
     442
     471
     448
     437
     437
     388
     437
     408
     428
     414
     412
     441
     378
     443
     439
     399
     428
     410
     413
     373
     420
     410
     421
     388
     399
     397
     447
     421
     411
     379
     419
     398
     387
     391
     445
     400
     421
     402
     444
     408
     444
     448
     416
     442
     438
     426
     438
     409
     476
     432
     442
     445
     434
     392
     436
     419
     456
     425
     486
     425
     457
     450
     466
     476
     441
     442
     466
     453
     452
     479
     476
     500
     457
     487
     466
     511
     513
     522
     480
     494
     513
     542
     551
     571
     555
     624
     589
     557
     609
     623
     617
     637
     715
     737
     707
     724
     735
     809
     940
     943
    1081
    1236
    1353
    1543
    1649
    1747
    1830
    1779
    1757
    1727
    1544
    1566
    1435
    1370
    1375
    1506
    1540
    1686
    1851
    2161
    2712
    3141
    3897
    4909
    6513
    8293
   10311
   12723
   15435
   17476
   18976
   19710
   19784
   18491
   15761
   13418
   10550
    7779
    5637
    3971
    2739
    2144
    1645
    1447
    1321
    1266
    1215
    1270
    1408
    1349
    1488
    1577
    1694
    2060
    2387
    2883
    3457
    4458
    5384
    6464
    7899
    9761
   11806
   13583
   15364
   16976
   18436
   18521
   18231
   16928
   15410
   13502
   11146
    9285
    6949
    5188
    3853
    2667
    2013
    1345
    1015
     809
     634
     539
     428
     380
     352
     319
     316
     287
     316
     395
     382
     433
     478
     533
     620
     688
     814
     916
    1163
    1335
    1582
    1991
    2149
    2490
    2612
    2734
    2717
    2624
    2462
    2296
    1966
    1958
    1656
    1499
    1312
    1177
     967
     862
     671
     551
     432
     370
     338
     292
     268
     259
     241
     223
     190
     161
     131
     120
     102
      96
      74
      88
     106
      78
      75
      84
      85
      71
      78
      75
      76
      73
      88
      90
      78
      87
      69
      82
      68
      73
      58
      64
      76
      65
      90
      72
      71
      65
      78
      85
      85
      81
      67
      84
      83
      67
      58
      82
      81
      81
      67
      66
      68
      63
      75
      70
      82
      83
      73
      76
      75
      88
      85
      81
      63
      68
      79
      91
      84
      88
      76
      78
      76
      75
      57
      84
      74
      70
      67
      73
      97
      77
      91
      85
      68
      79
      81
      78
      93
      81
      83
      87
      77
      86
      79
      91
     107
      91
      81
      93
      74
      87
      89
      81
      82
     100
      80
      72
      76
      75
      69
      74
      75
      82
      74
      83
      77
      76
      90
      86
      92
      98
      93
     100
      98
      83
      88
      87
      93
      97
      83
      71
     104
      96
     101
     104
      99
      70
      95
      96
      89
      88
      96
     108
      93
      96
      96
      97
     101
     114
      98
      94
      81
      85
     102
      82
      84
      85
      88
     112
      89
      83
      96
      98
      97
     115
     117
      87
      98
      88
     102
      97
     117
     108
      88
     104
     134
     108
     118
     140
     138
     109
     101
     107
      86
     117
     107
      98
     104
     114
     102
     113
     112
      84
     122
      97
      99
      95
     101
     100
      98
     111
     104
      95
     118
     117
      79
     122
      95
     114
     113
     107
     110
     105
      93
     120
     105
     109
     121
     134
      97
      93
     104
     115
     120
     113
     110
     110
      92
     116
     110
     121
     106
     121
     117
     117
     116
     130
     111
     133
     112
     122
     120
     117
     110
     121
     107
     137
     123
     117
      98
     124
     124
     106
     111
     122
     102
     115
     111
     131
     113
      96
     112
     103
      98
     121
     116
     116
     119
     110
      90
     103
     125
     120
     122
     125
     114
     117
     115
     116
     125
     123
     124
     104
     129
     135
     124
     129
     140
     114
     125
     114
     119
     126
     118
     126
     135
     147
     150
     130
     157
     143
     129
     117
     133
     117
     130
     125
     127
     115
     138
     138
     129
     113
     128
     124
     124
     120
     112
     118
     141
     123
     131
     146
     121
     122
     116
     128
     128
     120
     134
     115
     125
     127
      99
     139
     115
     100
     114
     117
     130
     124
     135
     106
     114
     127
     122
     115
     115
     107
     132
     109
     135
     109
     117
     130
     113
     116
     125
     139
     120
     122
     123
     112
     119
     118
     111
     107
     102
     125
     119
     118
     109
     125
     130
     124
     124
     130
     103
     117
     100
     128
     114
     123
      93
     117
     117
     107
      93
      90
     122
     113
      97
     140
     125
     115
     130
     145
     122
     119
     114
     114
     115
     107
     112
     112
     128
     114
     127
     138
     113
     115
     128
     106
     103
     110
     124
      97
      88
     118
     118
     105
     122
     121
     119
     110
      95
     106
     106
     114
     115
     107
     113
     100
     107
      90
     103
     113
      97
     122
     114
     102
     107
     108
     101
      98
     136
     110
      81
      93
     102
     105
     101
     106
      87
      97
      97
     107
     100
     105
     104
      93
     109
      96
     117
     106
     129
      91
      89
     102
     123
      89
     117
      96
     103
     103
      81
      94
      98
     103
      85
      85
     114
      93
      95
      88
      95
      88
      76
      94
      96
      88
     100
      75
      92
      79
      95
      79
      82
      85
      80
      89
      95
      76
      93
      77
      99
      90
      69
      96
      99
     110
      89
      89
      76
      91
      94
      80
      70
      73
      85
      98
      82
      80
      81
     104
      78
      72
      78
      77
      72
      95
      83
      76
      85
      88
      86
      84
      78
      80
      85
      68
      84
      75
      80
      79
      83
      88
      56
      59
      79
      69
      85
      76
      70
      71
      78
      78
      71
      75
      68
      88
      58
      76
      58
      69
      75
      75
      79
      72
      68
      73
      79
      79
      59
      74
      76
      69
      73
      76
      76
      55
      85
      66
      72
      60
      66
      69
      70
      59
      55
      71
      74
      65
      58
      59
      55
      61
      65
      57
      67
      55
      62
      60
      79
      61
      60
      61
      52
      47
      61
      50
      66
      50
      68
      53
      67
      63
      48
      51
      58
      58
      53
      53
      57
      57
      70
      50
      53
      39
      52
      54
      52
      53
      59
      43
      55
      59
      65
      32
      72
      44
      55
      42
      53
      45
      52
      44
      52
      53
      42
      42
      43
      41
      61
      51
      49
      47
      35
      49
      54
      58
      46
      57
      33
      62
      34
      48
      32
      43
      51
      40
      35
      41
      39
      50
      44
      32
      43
      45
      48
      42
      36
      45
      44
      50
      37
      39
      33
      57
      40
      37
      33
      32
      42
      48
      47
      22
      33
      35
      25
      40
      44
      56
      29
      46
      42
      39
      37
      34
      46
      29
      30
      30
      30
      37
      39
      48
      36
      34
      36
      37
      29
      33
      33
      31
      36
      25
      30
      36
      32
      28
      29
      25
      26
      35
      28
      29
      21
      45
      27
      41
      33
      32
      33
      31
      27
      27
      28
      42
      23
      29
      27
      28
      31
      29
      21
      22
      35
      31
      25
      26
      26
      31
      30
      32
      30
      23
      29
      25
      23
      26
      25
      22
      31
      24
      20
      17
      30
      21
      28
      22
      24
      24
      25
      16
      29
      27
      25
      25
      14
      18
      17
      15
      18
      18
      23
      24
      20
      25
      23
      20
      21
      17
      16
      17
      14
      22
      20
      19
      15
      21
      18
      17
      19
       9
      22
      16
      18
      16
      17
      17
      17
      20
      14
      15
      18
      17
      22
      20
      22
      17
      18
      17
      19
      14
      16
      11
      15
      13
      19
      19
      17
      21
       7
      15
      16
       7
      11
      10
      13
       8
      17
      12
      12
       9
      10
      14
      13
      13
      10
       9
      13
      11
       8
      14
      10
      12
      15
      13
      15
      12
      10
      13
       7
      16
      12
      12
      11
      13
       9
      11
       6
      20
       4
      15
       9
      11
       9
       6
       6
       8
       6
       6
       5
       8
      10
       6
       6
       4
      11
       3
      11
       6
      10
       8
      10
       9
       8
      10
       6
      10
       9
       5
       7
      10
       7
       5
       5
       5
       4
       3
       7
       7
       5
       3
       8
       8
       7
       7
       5
       5
       5
       8
       5
       7
       6
       9
       9
       6
       4
       7
       3
       5
       3
       5
       2
       6
       5
       5
       6
       3
       5
       6
       4
       2
       5
       2
       5
       5
       8
       5
       6
       2
       3
       3
       4
       4
       3
       3
       2
       5
       5
       2
       2
       5
       3
       3
       4
       3
       9
       2
       0
       4
       0
       2
       3
       4
       2
       6
       4
       0
       4
       1
       4
       1
       3
       2
       4
       0
       5
       2
       2
       2
       4
       3
       1
       5
       2
       3
       0
       2
       8
       0
       1
       4
       1
       3
       1
       3
       1
       2
       1
       1
       2
       1
       2
       2
       1
       2
       3
       1
       1
       1
       3
       0
       8
       2
       3
       2
       3
       0
       2
       1
       0
       2
       1
       2
       4
       0
       2
       2
       1
       1
       0
       3
       2
       4
       1
       0
       2
       0
       1
       2
       0
       1
       1
       0
       1
       1
       0
       1
       1
       2
       1
       0
       2
       2
       1
       2
       1
       2
       1
       2
       2
       1
       1
       3
       4
       2
       1
       1
       1
       0
       1
       1
       2
       3
       3
       4
       1
       1
       3
       3
       1
       2
       1
       1
       3
       2
       0
       2
       1
       0
       0
       2
       0
       0
       3
       0
       1
       2
       0
       1
       1
       0
       0
       1
       1
       3
       1
       0
       2
       0
       0
       0
       2
       0
       1
       1
       0
       1
       1
       0
       0
       0
       0
       1
       0
       0
       0
       1
       1
       0
       0
       1
       0
       0
       0
       0
       0
       0
       2
       0
       2
       0
       0
       0
       0
       1
       1
       0
       1
       0
       0
       1
       1
       0
       1
       0
       0
       0
       0
       0
       0
       0
       0
       0
       1
       0
       0
       0
       0
       0
       0
       0
       0
       0
       0
       1
       0
       0
       0
       0
       0
       0
       1
       0
       0
       0
       0
       0
       0
       0
       0
       1
       0
       0
       0
       0
       0
       0
       0
       1
       1
       0
       0
       0
       0
       0
       0
       0
       0
       0
       0
       0
       0
       0
       0
       0
       0
       0
       0
       0
       0
       0
       0
       0
       0
       0
       0
       0
       0
       0
       0
       0
       0
       0
       0
       0
       0
       0
       0
       0
       0
       0
       0
       0
       0
       0
       0
       0
       0
       0
       0
       0
       0
       0
       0
       0
       0
       0
       0
       0
       0
       0
       0
       0
       0
       0
       0
       0
       0
       0
       0
       0
       0
       0
       0
       0
       0
       0
       0
       0
       0
       0
       0
       0
       0
       0
       0
       0
       0
       0
       0
       0
       0
       0
       0
       0
       0
       0
       0
       0
       0
       0
       0
       0
       0
       0
       0
       0
       0
       0
       0
       0
       0
       0
       0
       0
       0
       0
       0
       0
       0
       0
       0
       0
       0
       0
       0
       0
       0
       0
       0
       0
       0
       0
       0
       0
       0
       0
       0
       0
       0
       0
       0
       0
       0
       0
       0
       0
       0
       0
       0
       0
       0
       0
       0
       0
       0
       0
       0
       0
       0
       0
       0
       0
       0
       0
       0
       0
       0
       0
       0
       0
       0
       0
       0
       0
       0
       0
       0
       0
       0
       0
       0
       0
       0
       0
       0
       0
       0
       0
       0
       0
       0
       0
       0
       0
       0
       0
       0
       0
       0
       0
       0
       0
       0
       0
       0
       0
       0
       0
       0
       0
       0
       0
       0
       0
       0
       0
       0
       0
       0
       0
       0
       0
       0
       0
       0
       0
       0
       0
       0
       0
       0
       0
       0
       0
       0
       0
       0
       0
       0
       0
       0
       0
       0
       0
       0
       0
       0
       0
       0
       0
       0
       0
       0
       0
       0
       0
       0
       0
       0
       0
       0
       0
       0
       0
       0
       0
       0
       0
       0
       0
       0
       0
       0
       0
       0
       0
       0
       0
       0
       0
       0
       0
       0
       0
       0
       0
       0
       0
       0
       0
       0
       0
       0
       0
       0
       0
       0
       0
       0
       0
       0
       0
       0
       0
       0
       0
       0
       0
       0
       0
       0
       0
       0
       0
       0
       0
       0
       0
       0
       0
       0
       0
       0
       0
       0
       0
       0
       0
       0
       0
       0
       0
       0
       0
       0
       0
       0
       0
       0
       0
       0
       0
       0
       0
       0
       0
       0
       0
       0
       0
       0
       0
       0
       0
       0
       0
       0
       0
       0
       0
       0
       0
       0
       0
       0
       0
       0
       0
       0
       0
       0
       0
       0
       0
       0
       0
       0
       0
       0
       0
       0
       0
       0
       0
       0
       0
       0
       0
       0
       0
       0
       0
       0
       0
       0
       0
       0
       0
       0
       0
       0
       0
       0
       0
       0
       0
       0
       0
       0
       0
       0
       0
       0
       0
       0
       0
       0
       0
       0
       0
       0
       0
       0
       0
       0
       0
       0
       0
       0
       0
       0
       0
       0
       0
       0
       0
       0
       0
       0
       0
       0
       0
       0
       0
       0
       0
       0
       0
       0
       0
       0
       0
       0
       0
       0
       0
       0
       0
       0
       0
       0
       0
       0
       0
       0
       0
       0
       0
       0
       0
       0
       0
       0
       0
       0
       0
       0
       0
       0
       0
       0
       0
       0
       0
       0
       0
       0
       0
       0
       0
       0
       0
       0
       0
       0
       0
       0
       0
       0
       0
       0
       0
       0
       0
       0
       0
       0
       0
       0
       0
       0
       0
       0
       0
       0
       0
       0
       0
       0
       0
       0
       0
       0
       0
       0
$ROI:
4
187 215
222 250
267 296
730 755
$PRESETS:
None
0
0
$ENER_FIT:
0.426172 0.044089
$MCA_CAL:
3
4.261719E-001 4.408862E-002 2.222238E-006 keV
$SHAPE_CAL:
3
7.262256E-001 6.182920E-002 -5.114740E-005
